1460985617.89,0.0,0.0,0.0,0.0,0.0,0.3
1460985617.89,0.0,0.0,0.0,0.0,0.0,0.3
1460985617.89,0.0,0.0,0.0,0.0,0.0,-1.83972233794e-05
1460985617.9,0.0,0.0,0.0,0.017753,-0.006336,0.302302778787
1460985617.9,0.0,0.0,0.0,7.27884065716e-05,-2.59779949326e-05,0.302134585806
1460985617.91,0.0,0.0,0.0,-7.08698040873e-05,2.52932506448e-05,0.00194839883215
1460985617.91,0.0,0.0,0.0,0.015414,-0.005965,0.304365772283
1460985617.92,0.0,0.0,0.0,6.35045114467e-05,-2.45753477864e-05,0.00428073382221
1460985617.92,0.0,0.0,0.0,0.0134224382971,-0.00564117649165,0.306582833431
1460985617.92,0.0,0.0,0.0,5.35601104814e-05,-2.25020784542e-05,0.30647343606
1460985617.93,0.0,0.0,0.0,-5.34516769762e-05,2.24565225504e-05,0.306345565317
1460985617.93,0.0,0.0,0.0,0.0,0.0,0.00619785296691
1460985617.94,0.0,0.0,0.0,-0.003608,-0.000445,0.00875450265282
1460985617.94,0.0,0.0,0.0,-0.0196659812109,0.00480865891384,0.311283277099
1460985617.95,0.0,0.0,0.0,-8.35087941893e-05,2.7365934426e-05,0.310644143799
1460985617.95,0.0,0.0,0.0,0.000103596634144,-2.53679140259e-05,0.00997701843185
1460985617.96,0.0,0.0,0.0,-0.017319,0.004504,0.312413995605
1460985617.96,0.0,0.0,0.0,-9.13744367193e-05,2.37629460698e-05,0.311641468538
1460985617.97,0.0,0.0,0.0,9.19055180696e-05,-2.39010597255e-05,0.0108418483474
1460985617.97,0.0,0.0,0.0,-0.01464,0.004031,0.313113924212
1460985617.98,0.0,0.0,0.0,-7.63698116366e-05,2.1027780786e-05,0.0122145075757
1460985617.98,0.0,0.0,0.0,-0.0121526148311,0.0035746926492,0.314477926282
1460985617.99,0.0,0.0,0.0,-6.37489552833e-05,1.87441736058e-05,0.313572245889
1460985617.99,0.0,0.0,0.0,6.47644953801e-05,-1.90427739482e-05,0.0126407954729
1460985618.0,0.0,0.0,0.0,-0.010057,0.003196,0.314796527221
1460985618.0,0.0,0.0,0.0,-5.18645747649e-05,1.6481970861e-05,0.313818136276
1460985618.01,0.0,0.0,0.0,5.08203809371e-05,-1.61501379611e-05,0.0128174160602
1460985618.01,0.0,0.0,0.0,-0.008105,0.002827,0.314909770153
1460985618.02,0.0,0.0,0.0,-4.17750410626e-05,1.45710106211e-05,0.313870373267
1460985618.03,0.0,0.0,0.0,4.17654792545e-05,-1.45676754908e-05,0.0128081768431
1460985618.03,0.0,0.0,0.0,-0.006333,0.002491,0.314817916492
1460985618.04,0.0,0.0,0.0,-3.26985253242e-05,1.28615232248e-05,0.0136912893983
1460985618.04,0.0,0.0,0.0,-0.00473659478351,0.00215686050935,0.315723133857
1460985618.05,0.0,0.0,0.0,-2.44956416401e-05,1.11437195721e-05,0.314635296731
1460985618.05,0.0,0.0,0.0,2.43166777749e-05,-1.1062304145e-05,0.313525675404
1460985618.06,0.0,0.0,0.0,0.0,0.0,0.312394078801
1460985618.06,0.0,0.0,0.0,0.0,0.0,0.0112404682777
1460985618.07,0.0,0.0,0.0,-0.003409,0.00186,0.313154556728
1460985618.07,0.0,0.0,0.0,-1.76753348198e-05,9.64391984889e-06,0.0119201894742
1460985618.08,0.0,0.0,0.0,-0.00222953781741,0.00155347237911,0.313754839052
1460985618.08,0.0,0.0,0.0,-1.16260905562e-05,8.08704029341e-06,0.312448417875
1460985618.09,0.0,0.0,0.0,1.16101858239e-05,-8.07597705506e-06,0.0111219564255
1460985618.09,0.0,0.0,0.0,-0.001318,0.001307,0.312904490785
1460985618.1,0.0,0.0,0.0,-6.76839741755e-06,6.71190851649e-06,0.0115702030725
1460985618.1,0.0,0.0,0.0,-0.000570132403893,0.0010811897207,0.313358581222
1460985618.11,0.0,0.0,0.0,-2.96024052045e-06,5.58187467287e-06,0.312033053507
1460985618.11,0.0,0.0,0.0,2.90482257673e-06,-5.477377753e-06,0.0106890776557
1460985618.12,0.0,0.0,0.0,1.1e-05,0.000898,0.312460934762
1460985618.12,0.0,0.0,0.0,5.5736145041e-08,4.55009620425e-06,0.31115788674
1460985618.13,0.0,0.0,0.0,-5.66316532649e-08,-4.62320223926e-06,0.0098350947383
1460985618.13,0.0,0.0,0.0,0.000475,0.000737,0.311595384522
1460985618.14,0.0,0.0,0.0,2.41766107374e-06,3.75119202388e-06,0.310267009046
1460985618.14,0.0,0.0,0.0,-2.45812207639e-06,-3.81397046379e-06,0.00891897188745
1460985618.15,0.0,0.0,0.0,0.000845,0.000602,0.310668016749
1460985618.15,0.0,0.0,0.0,4.39878678659e-06,3.1338102314e-06,0.309257916471
1460985618.16,0.0,0.0,0.0,-4.36190443099e-06,-3.10753428102e-06,0.00782923968293
1460985618.16,0.0,0.0,0.0,0.001131,0.000485,0.30949043488
1460985618.17,0.0,0.0,0.0,5.65248044971e-06,2.42391955624e-06,0.00812032124478
1460985618.17,0.0,0.0,0.0,0.000949468207345,0.000516056658322,0.309155138857
1460985618.18,0.0,0.0,0.0,3.77699541252e-06,2.05082140848e-06,0.307796262495
1460985618.18,0.0,0.0,0.0,-3.88687076287e-06,-2.1104811899e-06,0.00642793764264
1460985618.19,0.0,0.0,0.0,0.016771,-0.004506,0.307474674796
1460985618.19,0.0,0.0,0.0,6.86947299806e-05,-1.84567678309e-05,0.30604458562
1460985618.19,0.0,0.0,0.0,-6.738200304e-05,1.81040668832e-05,0.00460614669794
1460985618.2,0.0,0.0,0.0,0.030878,-0.009554,0.305585856156
1460985618.2,0.0,0.0,0.0,0.000122950650085,-3.80423120317e-05,0.304158751666
1460985618.21,0.0,0.0,0.0,-0.000124367371218,3.84806614618e-05,0.302723326239
1460985618.21,0.0,0.0,0.0,0.0,0.0,0.00127996571838
1460985618.21,0.0,0.0,0.0,0.012831,-0.004605,0.302292339898
1460985618.22,0.0,0.0,0.0,5.12697815885e-05,-1.84005412061e-05,0.300889380682
1460985618.22,0.0,0.0,0.0,-5.20617633512e-05,1.86847806276e-05,-0.00052208908613
1460985618.23,0.0,0.0,0.0,-0.004168,0.000545,0.300486403405
1460985618.23,0.0,0.0,0.0,-1.66760742864e-05,2.18053274618e-06,0.299076551721
1460985618.23,0.0,0.0,0.0,1.66011563071e-05,-2.17073660925e-06,-0.00234112383237
1460985618.24,0.0,0.0,0.0,-0.020012,0.005732,0.298801284658
1460985618.24,0.0,0.0,0.0,-7.97646517996e-05,2.28468411011e-05,-0.00246642531051
1460985618.25,0.0,0.0,0.0,-0.0343828013399,0.0107757424186,0.29870090952
1460985618.25,0.0,0.0,0.0,-0.000143080980884,4.4833203127e-05,0.297357278104
1460985618.26,0.0,0.0,0.0,0.000135256762602,-4.23815511647e-05,-0.00399419937154
1460985618.26,0.0,0.0,0.0,-0.03103,0.010375,0.297177790704
1460985618.26,0.0,0.0,0.0,-0.000123959525164,4.14463446205e-05,0.295934074067
1460985618.27,0.0,0.0,0.0,0.000127379014839,-4.25896641622e-05,-0.00531946158947
1460985618.27,0.0,0.0,0.0,-0.011683,0.00481,0.295988870548
1460985618.28,0.0,0.0,0.0,-4.65113181222e-05,1.91491432139e-05,-0.00511118633524
1460985618.28,0.0,0.0,0.0,0.0062658014444,-0.000789268590908,0.296191811732
1460985618.28,0.0,0.0,0.0,2.592323738e-05,-3.20966277256e-06,0.294972692926
1460985618.29,0.0,0.0,0.0,-2.57203275692e-05,3.1845396733e-06,-0.00625660757386
1460985618.29,0.0,0.0,0.0,0.022952,-0.006299,0.29504446283
1460985618.3,0.0,0.0,0.0,9.39689516767e-05,-2.57890565794e-05,0.29386860999
1460985618.3,0.0,0.0,0.0,-9.22592570983e-05,2.53198440424e-05,-0.00731685968836
1460985618.3,0.0,0.0,0.0,0.021508,-0.006351,0.29391215485
1460985618.31,0.0,0.0,0.0,8.58139464141e-05,-2.53396119433e-05,0.292728231581
1460985618.31,0.0,0.0,0.0,-8.40690221622e-05,2.48243611564e-05,-0.00846439631398
1460985618.32,0.0,0.0,0.0,0.01932,-0.006122,0.292667366427
1460985618.32,0.0,0.0,0.0,7.83497526453e-05,-2.48269764852e-05,-0.00865270961724
1460985618.32,0.0,0.0,0.0,0.0172511515164,-0.00586659935731,0.292322455989
1460985618.33,0.0,0.0,0.0,6.81449939257e-05,-2.31673312682e-05,0.290921095649
1460985618.33,0.0,0.0,0.0,-7.11892489218e-05,2.42022901096e-05,-0.0104884775286
1460985618.34,0.0,0.0,0.0,0.015501,-0.005658,0.290408603015
1460985618.34,0.0,0.0,0.0,6.2015486439e-05,-2.26361926503e-05,0.288889022204
1460985618.34,0.0,0.0,0.0,-5.90820936035e-05,2.15654787181e-05,-0.012635826678
1460985618.35,0.0,0.0,0.0,0.013835,-0.005425,0.288114828755
1460985618.35,0.0,0.0,0.0,5.42540363462e-05,-2.12741703779e-05,0.286498151475
1460985618.36,0.0,0.0,0.0,-5.44602037941e-05,2.13550130526e-05,-0.0151236259268
1460985618.36,0.0,0.0,0.0,0.012303,-0.005188,0.285575059673
1460985618.36,0.0,0.0,0.0,4.83074022699e-05,-2.03705440117e-05,0.28390396835
1460985618.37,0.0,0.0,0.0,-5.29560171495e-05,2.2330798746e-05,-0.0177738681829
1460985618.37,0.0,0.0,0.0,0.010901,-0.004951,0.28295367833
1460985618.38,0.0,0.0,0.0,4.30087634383e-05,-1.95336563419e-05,0.28129992252
1460985618.38,0.0,0.0,0.0,-4.25214215477e-05,1.93123161254e-05,-0.0203581193192
1460985618.38,0.0,0.0,0.0,0.009612,-0.004712,0.280348272682
1460985618.39,0.0,0.0,0.0,3.75798331442e-05,-1.84224067598e-05,0.27869532049
1460985618.39,0.0,0.0,0.0,-3.95234382573e-05,1.93752019422e-05,-0.0229629645766
1460985618.4,0.0,0.0,0.0,0.00843,-0.004469,0.277763050941
1460985618.4,0.0,0.0,0.0,3.2872845941e-05,-1.74268978067e-05,0.276135886182
1460985618.4,0.0,0.0,0.0,-3.41469007481e-05,1.81023131012e-05,-0.0254962934294
1460985618.41,0.0,0.0,0.0,0.007889,-0.004418,0.27523962054
1460985618.41,0.0,0.0,0.0,3.04123590474e-05,-1.70315378719e-05,-0.0263506449695
1460985618.42,0.0,0.0,0.0,-0.00881513053356,0.000845873709884,0.274355591513
1460985618.42,0.0,0.0,0.0,-3.35256150868e-05,3.16365792908e-06,0.27275941388
1460985618.42,0.0,0.0,0.0,3.34570253749e-05,-3.15718543379e-06,-0.0288404911237
1460985618.43,0.0,0.0,0.0,-0.024187,0.006073,0.271859303791
1460985618.43,0.0,0.0,0.0,-9.14906347982e-05,2.29719529139e-05,0.270277210531
1460985618.43,0.0,0.0,0.0,9.25664797834e-05,-2.32420817681e-05,-0.0313086688584
1460985618.44,0.0,0.0,0.0,-0.021046,0.005662,0.269404621975
1460985618.44,0.0,0.0,0.0,-8.02965420492e-05,2.16021581812e-05,0.267816307026
1460985618.45,0.0,0.0,0.0,8.26763847323e-05,-2.22424066499e-05,-0.0337761261997
1460985618.45,0.0,0.0,0.0,-0.017765,0.005119,0.266912362566
1460985618.45,0.0,0.0,0.0,-6.69000993275e-05,1.92773210502e-05,-0.0346705045046
1460985618.46,0.0,0.0,0.0,-0.0147740827165,0.00459642957645,0.266045831078
1460985618.46,0.0,0.0,0.0,-5.63771770157e-05,1.75338262434e-05,0.264470896897
1460985618.47,0.0,0.0,0.0,5.60821947156e-05,-1.74420840053e-05,-0.0371072969971
1460985618.47,0.0,0.0,0.0,-0.012245,0.004149,0.263603177679
1460985618.47,0.0,0.0,0.0,-4.62691331554e-05,1.56774710871e-05,0.262034590775
1460985618.48,0.0,0.0,0.0,4.65385750002e-05,-1.57687666538e-05,-0.0395372709157
1460985618.48,0.0,0.0,0.0,-0.009925,0.003718,0.261189136362
1460985618.48,0.0,0.0,0.0,-3.81719827836e-05,1.42995901249e-05,0.259595713972
1460985618.49,0.0,0.0,0.0,3.83316463652e-05,-1.43594016308e-05,0.25799905078
1460985618.49,0.0,0.0,0.0,0.0,0.0,-0.0436009491827
1460985618.5,0.0,0.0,0.0,-0.007842,0.003322,0.257328554046
1460985618.5,0.0,0.0,0.0,-3.04649215162e-05,1.29054411217e-05,0.255913414357
1460985618.5,0.0,0.0,0.0,3.03870067415e-05,-1.28724351435e-05,-0.0455061883062
1460985618.51,0.0,0.0,0.0,-0.006023,0.002941,0.255431238474
1460985618.51,0.0,0.0,0.0,-2.35294742882e-05,1.14893215809e-05,-0.0459890949413
1460985618.52,0.0,0.0,0.0,-0.00442969136729,0.00255961851423,0.254917283879
1460985618.52,0.0,0.0,0.0,-2.18493514334e-05,1.26150196576e-05,0.252860595048
1460985618.53,0.0,0.0,0.0,2.29559926913e-05,-1.32539540106e-05,-0.0492019083977
1460985618.53,0.0,0.0,0.0,-0.003092,0.002213,0.251843886386
1460985618.54,0.0,0.0,0.0,-1.58814348673e-05,1.13666285128e-05,-0.0502136715889
1460985618.54,0.0,0.0,0.0,-0.00196417036607,0.00188167044635,0.250811076896
1460985618.55,0.0,0.0,0.0,-1.02446191817e-05,9.79447682369e-06,0.248709911234
1460985618.55,0.0,0.0,0.0,1.02562980693e-05,-9.8056425481e-06,-0.053396319543
1460985618.56,0.0,0.0,0.0,-0.001095,0.001612,0.247590079257
1460985618.56,0.0,0.0,0.0,-5.40846228741e-06,7.96204676466e-06,0.245593597632
1460985618.57,0.0,0.0,0.0,4.22333402754e-06,-6.2173647967e-06,-0.0564021538321
1460985618.57,0.0,0.0,0.0,-0.000387,0.001371,0.243886813779
1460985618.57,0.0,0.0,0.0,-1.46919124748e-06,5.20480930308e-06,-0.0581096728446
1460985618.58,0.0,0.0,0.0,0.000171496933348,0.00115669691054,0.242224603414
1460985618.58,0.0,0.0,0.0,6.63961781631e-07,4.53837406032e-06,0.240207212559
1460985618.59,0.0,0.0,0.0,-6.54511119252e-07,-4.47377600336e-06,0.238191058331
1460985618.59,0.0,0.0,0.0,0.0,0.0,0.236175892423
1460985618.59,0.0,0.0,0.0,0.0,0.0,-0.0658379628858
1460985618.6,0.0,0.0,0.0,0.000611,0.000981,0.234560623136
1460985618.6,0.0,0.0,0.0,2.39661830928e-06,3.84792563242e-06,0.23259737408
1460985618.6,0.0,0.0,0.0,-2.44156267576e-06,-3.92008671837e-06,-0.0693651009596
1460985618.61,0.0,0.0,0.0,0.000961,0.000825,0.23097414639
1460985618.61,0.0,0.0,0.0,3.69422909307e-06,3.1714245596e-06,0.228999478492
1460985618.62,0.0,0.0,0.0,-3.67899627041e-06,-3.1583474746e-06,-0.0729735466287
1460985618.62,0.0,0.0,0.0,0.00124,0.000691,0.227374086904
1460985618.62,0.0,0.0,0.0,4.7506123